0.8518562998664214 -0.772690313701944 
4.797614250318105E-10 1.0011716579380592 
0.8234603807870513 -0.46023108679101954 
0.6522934540661663 -0.4575583041707408 
0.6185246442540662 -0.12568710001029867 
0.45369351504397354 -0.12323555013219895 
0.4096466479858242 0.23867022442669172 
0.25807567030558287 0.24305733571672697 
0.18232496479618224 0.6702629304695685 
0.0848185685736883 0.6709256085098372 
0.21006548608635983 0.47894883158026286 
0.18842084575929152 0.6342305623813533 
0.20359486785375303 0.5270116469233528 
0.840400624850676 -0.7171700483471819 
0.8335897562987107 -0.637061768007762 
8.731586854964796E-4 0.9804291948789622 
0.8362630355483189 -0.6692731319047733 
0.8246734713940764 -0.4839837363448172 
0.43089471755647824 -0.007017718511652388 
0.0035980896963112574 0.9411000011565436 
0.826520833424925 -0.5197945540319868 
0.827483853625077 -0.5377772928235781 
0.8293967715379926 -0.5715758872420309 
0.03974963573368491 0.764763768845888 
0.07148613103233847 0.6780743183696517 
0.03130660438276933 0.798657114064508 
0.43639891647325024 -0.056493131926526524 
0.6461160698270856 -0.4442555209804399 
0.027299383035102123 0.8155483030173413 
0.8417491835096951 -0.7301135568482716 
0.04369328950023474 0.7492392100550818 
0.61975605071075 -0.14671227589997998 
0.23312575193828516 0.317776242382895 
0.6222850151567207 -0.18268078141270502 
0.6392639348474825 -0.4019201521452387 
0.24706739109716924 0.26646011870755876 
0.2151097480512575 0.4390775052410038 
0.6338546391093625 -0.3494276754651784 
0.41875690359337625 0.12095091516214114 
0.8311630945803927 -0.600830771106508 
0.4151543075697213 0.1725981450767196 
0.20160570202231046 0.5421619152332486 
0.8451397548558988 -0.7537630552792203 
0.21864682269135322 0.4164965759393352 
0.013713511583160143 0.8785548044769956 
0.621100956211379 -0.16667873044649714 
0.06573846762109478 0.6874037058000257 
0.0231546259991587 0.8369198927257047 
0.6317784996424751 -0.32146076414231334 
0.05288538590877623 0.7229237113712624 
0.19917229907819126 0.560565581811008 
0.43353795082830227 -0.032566468141765115 
0.6295459056741706 -0.2964245252549693 
0.1932993850738713 0.6024076498104235 
0.412118251338542 0.20587742624065064 
0.41396478935670133 0.18157569457281564 
0.6375641414426663 -0.38104613350473954 
0.4168605173184482 0.14476292789069758 
0.19670874915885658 0.5784307473532189 
0.4398196279812107 -0.07971638309254825 
0.8352518470813495 -0.6603332553105404 
0.44399239334393487 -0.09496692113193583 
0.6234421726208801 -0.20742233690626175 
0.22669770520416918 0.356277820566242 
0.2310076820932998 0.3293246740926901 
0.22852645787486062 0.3449099025353539 
0.627669252608722 -0.27070215456627583 
0.6429117863280579 -0.4280007117388423 
0.4277355791381349 0.021118663869740133 
0.42307817669718667 0.0762621962677126 
0.2214288028836933 0.3928433339219236 
0.1932993850738713 0.6024076498104235 
0.44655650180639195 -0.1111367939000965 
0.6414249027860388 -0.41831913913646124 
0.4203210153415 0.102014864329057 
0.2132988515590659 0.4530811976147411 
0.006594828102235828 0.9184473366976269 
0.2560601307903441 0.2576946887593631 
0.42134390766362484 0.09303373698954681 
0.8305704384393915 -0.5878507881356829 
0.6273699106454057 -0.26502887275573056 
0.0178998449616527 0.8578371066712963 
0.22490213026257747 0.3746149942105546 
0.6260468063693683 -0.24298276373793432 
0.23716922639043317 0.2962461094764946 
0.021160284182832223 0.8436872594126791 
0.43417219084926395 -0.03950370430384524 
0.21955416329061633 0.4063559713699716 
0.42574322945450027 0.04056296624679464 
0.005136666654119965 0.9287918738130632 
0.4121764470522564 0.20504618816550343 
0.41731640027216194 0.13895410401541172 
0.6240311479645368 -0.2164856341213799 
0.4500363925136174 -0.11628610006015314 
0.01217356788029561 0.8875077311011839 
0.048695898952240746 0.7321189431248832 
0.22324586203331248 0.3797403879913679 
0.24131072347012272 0.28311853695594025 
0.24233870456348394 0.2737242947942483 
0.06198238090733388 0.6993088978450317 
